111111111111111111111111111111111111111111111111111111111111111111111111
1                                                                      1
1                                                                      1
1                                                                      1
1                                                                      1
1                                                                      1
1                                                                      1
1                                                                      1
1                                                                      1
1                                                                      1
1                                                                      1
1                                                                      1
1                                                                      1
1                                                                      1
1                                                                      1
1                                                                      1
1                                                                      1
1                                                                      1
1                                                                      1
1                                                                      1
1                                                                      1
1        P                                                        H    1
1   BBB            AAAA   WWWWWW                                       1
111111111111111111111111111111111111111111111111111111111111111111111111
