111111111111111111111111111111111111111111111111111111111111111111111111
1                                                                      1
1                                                                      1
1                                                                      1
1                                                                      1
1                                                                      1
1                                                                      1
1                                                                      1
1                                                                      1
1                                                                      1
1                                                                      1
1                                                                      1
1                                                                      1
1                                                                      1
1                                                                      1
1                                                                      1
1                                                                      1
1                                                                      1
1                                                                      1
1                                                                      1
1                                                                      1
1                                                                      1
1   P                                                            S     1
111111111111111111111111111111111111111111111111111111111111111111111111
